C                 -0.67372300    1.42550300   -0.27768900
H                 -1.35271900    2.18458900   -0.62348800
C                  0.67365700    1.42548100   -0.27775700
H                  1.35264300    2.18454200   -0.62363400
C                 -0.00002500   -0.53622100    0.52057000
H                 -0.00001900   -1.52625100    0.94427500
C                  2.41230100   -0.26174200    0.40535600
H                  3.50349200    0.56482900    0.33570700
H                  2.48015100   -1.30799200    0.66358000
H                  2.41230100   -0.26174200    0.40535600
C                 -2.41235400   -0.26160500    0.40575400
H                 -2.48024000   -1.30789400    0.66381300
H                 -3.50354600    0.56494900    0.33597200
H                 -2.41235400   -0.26160500    0.40575400
N                  1.10223800    0.18786100    0.22755800
N                 -1.10229500    0.18793000    0.22774900
C                  3.50349200    0.56482900    0.33570700
H                  3.36219400    1.62895600    0.18684100
C                 -3.50354600    0.56494900    0.33597200
H                 -3.36224900    1.62909700    0.18726200
N                  4.79513100    0.20728500    0.50212100
N                 -4.79518500    0.20736000    0.50225700
N                 -7.27512100   -0.42770400   -0.72769000
N                  7.27522500   -0.42764200   -0.72758500
C                 -8.59844900   -0.71857900   -0.19549400
H                 -9.32254800   -0.01835100   -0.61322400
H                 -8.88921500   -1.73312000   -0.46718600
H                 -8.62965300   -0.62999200    0.90300500
C                  8.59852000   -0.71844100   -0.19526300
H                  8.62961400   -0.62986000    0.90323900
H                  8.88937300   -1.73296200   -0.46693500
H                  9.32261600   -0.01816700   -0.61291900
C                 -6.80296800    0.91933600   -0.78216000
H                 -7.63137000    1.62617600   -0.75403900
H                 -6.22133900    1.08695300   -1.69474400
C                 -5.85280700    1.20508900    0.45592300
H                 -5.43067300    2.20569900    0.37581900
H                 -6.45250200    1.14049000    1.36709700
C                 -6.24448200   -1.41329800   -0.69011600
H                 -5.62963400   -1.36148800   -1.59503600
H                 -6.66367300   -2.41459800   -0.60023400
C                 -5.28298900   -1.15837900    0.55120800
H                 -5.85509500   -1.30888600    1.46948800
H                 -4.46828700   -1.87732100    0.51350700
C                  5.85270700    1.20506500    0.45589700
H                  6.45231800    1.14048800    1.36712800
H                  5.43052800    2.20565300    0.37576100
C                  6.80299800    0.91937100   -0.78209800
H                  6.22144500    1.08695600   -1.69473600
H                  7.63135800    1.62625800   -0.75389900
C                  5.28300500   -1.15842900    0.55111500
H                  4.46835500   -1.87742300    0.51333600
H                  5.85503100   -1.30890400    1.46945100
C                  6.24464000   -1.41329600   -0.69011100
H                  6.66388200   -2.41457000   -0.60018600
H                  5.62988000   -1.36152400   -1.59509200