C                 -0.67907400    2.05869600   -0.21635900
H                 -1.37295400    2.86759200   -0.05912700
C                  0.67898000    2.05875600   -0.21641300
H                  1.37280200    2.86771100   -0.05922300
C                  0.00002600    0.00700800   -0.68007000
H                  0.00006300   -1.03780700   -0.94591100
C                  2.50059400    0.33402100   -0.64151400
H                  3.01749500    1.10188600   -1.21789600
H                  2.50839500   -0.58591300   -1.22638400
H                  2.67568300   -0.68885500    1.27238300
C                 -2.50056600    0.33385200   -0.64153800
H                 -2.50831600   -0.58604700   -1.22646200
H                 -3.01752300    1.10172000   -1.21786800
H                 -2.67566000   -0.68925100    1.27223300
N                  1.09077500    0.76805900   -0.50955700
N                 -1.09077700    0.76798400   -0.50956500
C                  3.17762100    0.12774700    0.74554100
H                  3.04134300    1.02693100    1.34986400
C                 -3.17756300    0.12744900    0.74551100
H                 -3.04120900    1.02654800    1.34994400
N                  4.59901300   -0.16022000    0.67285800
N                 -4.59897700   -0.16040800    0.67283300
N                 -7.16344800   -0.51853800   -0.44253200
N                  7.16341700   -0.51870000   -0.44255200
C                 -8.42913100   -0.87812500    0.17371300
H                 -9.15938900   -0.08598900    0.00754300
H                 -8.79958700   -1.80843900   -0.25704900
H                 -8.32042400   -1.02232400    1.26268400
C                  8.42909700   -0.87829200    0.17369700
H                  8.32041700   -1.02234600    1.26268900
H                  8.79947700   -1.80868500   -0.25696000
H                  9.15940100   -0.08622600    0.00740200
C                 -6.66222300    0.81129000   -0.31633800
H                 -7.46601000    1.51228600   -0.09641900
H                 -6.15185400    1.11749600   -1.23399900
C                 -5.59211400    0.85456900    0.87227600
H                 -5.14004600    1.84489400    0.91378300
H                 -6.15920800    0.68415100    1.79634600
C                 -6.17645400   -1.52065500   -0.68269600
H                 -5.64586800   -1.31794600   -1.61749900
H                 -6.62861100   -2.51025700   -0.72887200
C                 -5.10228400   -1.49233800    0.50274100
H                 -5.63158700   -1.83786900    1.39991200
H                 -4.29755400   -2.19231500    0.27894900
C                  5.59223100    0.85471500    0.87211700
H                  6.15934700    0.68439100    1.79619100
H                  5.14023800    1.84507900    0.91349600
C                  6.66229400    0.81118200   -0.31653200
H                  6.15191200    1.11729300   -1.23421700
H                  7.46614000    1.51215200   -0.09674500
C                  5.10221800   -1.49221000    0.50294400
H                  4.29743000   -2.19216400    0.27928600
H                  5.63153100   -1.83764600    1.40014600
C                  6.17633900   -1.52078200   -0.68253000
H                  6.62842200   -2.51042400   -0.72857700
H                  5.64573100   -1.31817200   -1.61734200