C                 -0.67322467   -1.85540291    0.01888716
H                 -1.31101413   -2.71453440    0.02325675
C                  0.67199381   -1.85581993    0.01910904
H                  1.30924754   -2.71534617    0.02369152
C                  0.00006377    0.32655816    0.00763361
H                  0.00039556    1.39654402    0.00206175
C                  2.48872136    0.02402876    0.00962054
H                  3.50981570   -0.86698676    0.01442489
H                  2.69487798    1.07396633    0.00419163
H                  2.48872136    0.02402876    0.00962054
C                 -2.48878110    0.02557473    0.00878983
H                 -2.69428124    1.07564114    0.00328865
H                 -3.51043373   -0.86480493    0.01326024
H                 -2.48878110    0.02557473    0.00878983
N                  1.09790497   -0.45191603    0.01186955
N                 -1.09826131   -0.45123508    0.01150312
C                  3.50981570   -0.86698676    0.01442489
H                  3.30365945   -1.91692488    0.01985281
C                 -3.51043373   -0.86480493    0.01326024
H                 -3.30493326   -1.91487129    0.01877054
N                  4.90063164   -0.39104165    0.01218203
C                  6.09700466   -1.23922516    0.01602031
C                  5.29141392    0.89663171    0.00484860
C                  7.15950845   -0.41449998    0.01036563
H                  6.12019794   -2.30896158    0.02115783
H                  4.63518722    1.74162417   -0.01116747
H                  8.18981144   -0.70306860    0.00011594
N                 -4.90095419   -0.38799388    0.01054132
C                 -6.09785641   -1.23543162    0.01398538
C                 -5.29093195    0.89992210    0.00305847
C                 -7.15984498   -0.41004386    0.00795926
H                 -6.12171610   -2.30515398    0.01912885
H                 -4.63417266    1.74450341   -0.01274701
H                 -8.19032347   -0.69797026   -0.00263691
N                  6.63629965    0.95658480    0.02029003
N                 -6.63578496    0.96071485    0.01804310
C                  7.44227021    2.18408099   -0.04727294
H                  6.79447702    3.03548604   -0.06658943
H                  8.07941577    2.24007729    0.81052084
H                  8.03957699    2.17016311   -0.93492859
C                 -7.44096556    2.18871222   -0.04980920
H                 -8.07836420    2.24511776    0.80776583
H                 -6.79263749    3.03971215   -0.06891806
H                 -8.03797867    2.17515521   -0.93766446