C                 -0.67303412   -2.68660133    0.43903985
H                 -1.31065740   -3.52798686    0.26468599
C                  0.67217601   -2.68675720    0.43901841
H                  1.30959311   -3.52828714    0.26462260
C                 -0.00017087   -0.54989931    0.88187433
H                 -0.00004782    0.49782449    1.09904934
C                  2.48855387   -0.84573070    0.82053390
H                  3.10897755   -1.64433856    1.17008528
H                  2.54306513   -0.02564377    1.50565541
H                  2.35375051    0.41047573   -0.91691912
C                 -2.48895578   -0.84508801    0.82049087
H                 -2.54323451   -0.02491759    1.50553225
H                 -3.10961906   -1.64347783    1.17012205
H                 -2.35367016    0.41080261   -0.91715552
N                  1.09781471   -1.31197867    0.72393037
N                 -1.09834225   -1.31171545    0.72392413
C                  2.97411292   -0.38822280   -0.56744813
H                  2.91947521   -1.20826957   -1.25260919
C                 -2.97434460   -0.38760122   -0.56756308
H                 -2.92000964   -1.20778700   -1.25258166
N                  4.36492858    0.07780097   -0.47095771
C                  5.56162312   -0.75319666   -0.64342978
C                  4.75572275    1.33884414   -0.20950641
C                  6.62461870    0.05410040   -0.47622786
H                  5.58450103   -1.80066941   -0.86060491
H                  4.09994993    2.16671323   -0.03770213
H                  7.65504437   -0.22819193   -0.53493534
N                 -4.36498548    0.07899420   -0.47119056
C                 -5.56201457   -0.75155722   -0.64346691
C                 -4.75526010    1.34025507   -0.21003996
C                 -6.62467547    0.05621251   -0.47644460
H                 -5.58532409   -1.79907276   -0.86040774
H                 -4.09915565    2.16790014   -0.03844404
H                 -7.65522409   -0.22567499   -0.53508168
N                  6.10033401    1.39577465   -0.19795601
N                 -6.09983981    1.39773439   -0.19848312
C                  6.90727614    2.59896511    0.05131967
H                  6.37263181    3.46287443   -0.28455946
H                  7.10333234    2.68605490    1.09962746
H                  7.83323052    2.52375614   -0.47967547
C                 -6.90628615    2.60129956    0.05054711
H                 -7.10225237    2.68873266    1.09883302
H                 -6.37132704    3.46490665   -0.28555427
H                 -7.83228328    2.52632302   -0.48037938