C                 -0.68086600   -1.69346800    1.13375400
H                 -1.40904900   -2.48565200    1.02090900
C                  0.68086800   -1.69346900    1.13375800
H                  1.40905000   -2.48565300    1.02091800
C                  0.00000100    0.40116200    1.38407800
H                  0.00000100    1.48030000    1.43845800
C                  2.44948900    0.15530600    1.23100600
H                  3.14106000   -0.63932100    1.50475500
H                  2.53105900    0.96181400    1.95936200
H                  1.89225000    1.26715400   -0.54786400
C                 -2.44948700    0.15530700    1.23100900
H                 -2.53105600    0.96181500    1.95936400
H                 -3.14105800   -0.63932000    1.50475900
H                 -1.89225200    1.26715300   -0.54786400
O                  5.13039100   -1.90909100    0.45640500
O                 -5.13038500   -1.90909200    0.45640300
S                  4.26514500   -2.85360600   -0.31555400
S                 -4.26514200   -2.85360800   -0.31555800
O                  3.24457600   -3.51864400    0.54568900
O                  3.67805300   -2.22484400   -1.53215100
O                 -3.67805200   -2.22484600   -1.53215600
O                 -3.24457100   -3.51864700    0.54568200
N                  1.08206900   -0.37397600    1.29214500
N                 -1.08206700   -0.37397600    1.29214600
Cl                -0.00000100    3.45398800   -0.25142000
C                  2.73509300    0.67442300   -0.19144500
H                  2.92100800   -0.15602900   -0.87399200
C                 -2.73509400    0.67442200   -0.19144200
H                 -2.92101100   -0.15603000   -0.87398800
N                  3.90716400    1.55529800   -0.20071900
C                  5.23077400    1.16332700   -0.09643500
C                  3.85275600    2.88816900   -0.29853800
C                  5.97530800    2.30096700   -0.13805600
H                  5.48953700    0.11804200    0.00894500
H                  2.94302800    3.46355300   -0.38594800
H                  7.04011200    2.44738300   -0.09136600
N                 -3.90716600    1.55529600   -0.20071400
C                 -5.23077500    1.16332400   -0.09642500
C                 -3.85276000    2.88816700   -0.29853600
C                 -5.97531000    2.30096400   -0.13804300
H                 -5.48953600    0.11803900    0.00895800
H                 -2.94303400    3.46355300   -0.38595000
H                 -7.04011500    2.44737800   -0.09134700
N                  5.09793900    3.36448000   -0.26556100
N                 -5.09794400    3.36447600   -0.26556000
C                 -5.36098100   -4.16177400   -0.89969000
H                 -6.12543200   -3.71276300   -1.53207800
H                 -4.77196900   -4.88013600   -1.46796500
H                 -5.81745700   -4.64265600   -0.03590200
C                  5.36098200   -4.16177300   -0.89968800
H                  4.77196800   -4.88013500   -1.46796200
H                  6.12543200   -3.71276300   -1.53207800
H                  5.81745900   -4.64265500   -0.03590100
C                  5.47405700    4.77958000   -0.35163600
H                  4.57120900    5.37546700   -0.45930000
H                  5.99875300    5.06957000    0.55745100
H                  6.11771400    4.92968200   -1.21693900
C                 -5.47406400    4.77957500   -0.35164400
H                 -5.99876300    5.06956800    0.55744000
H                 -4.57121600    5.37546300   -0.45930800
H                 -6.11771900    4.92967200   -1.21694900 