C                  0.67981500    1.70789500    0.09396900
H                  1.36197500    2.54007900    0.11521500
C                 -0.67173800    1.71119100    0.13807500
H                 -1.34785400    2.54552800    0.21163800
C                 -0.00345100   -0.40258600    0.04726000
H                 -0.00745000   -1.48079100    0.00877700
C                 -2.42821000   -0.12626500    0.14586300
H                 -2.47500400   -1.19597000    0.29583900
C                  2.42240400   -0.14095400   -0.01982100
H                  2.46339700   -1.22006900    0.03238800
N                 -1.09414500    0.38112100    0.10571500
N                  1.09285600    0.37571200    0.03663600
C                 -3.50395300    0.64453200    0.01997200
H                 -3.45819100    1.71311700   -0.14991500
C                  3.50067200    0.62885600   -0.12899600
H                  3.46216900    1.70948800   -0.18594000
O                  7.24037600   -0.33009600   -0.68313400
O                 -7.27653800   -0.18352100    0.52787100
N                 -4.87836200    0.15744300    0.09445400
N                  4.86997400    0.12499000   -0.18928300
H                  5.31594800    0.51036000   -1.03844100
H                 -5.37672500    0.71157800    0.81115000
C                 -6.66463900   -1.45620500    0.66316100
H                 -6.92183600   -1.83099400    1.65145300
H                 -7.03916300   -2.15457700   -0.09066600
C                 -5.11382800   -1.28238100    0.53172300
H                 -4.60787500   -1.41690100    1.48793000
H                 -4.67930300   -1.93639000   -0.22448000
C                 -7.18608300    0.29904800   -0.80543600
H                 -7.69268900   -0.37090400   -1.50591800
H                 -7.68352900    1.26692200   -0.81594100
C                 -5.67870100    0.43774700   -1.19194900
H                 -5.33828500   -0.28781100   -1.93015900
H                 -5.42735400    1.44295100   -1.52941600
C                  5.08345500   -1.37703300   -0.32383300
H                  4.53203800   -1.70232600   -1.20614300
H                  4.68497700   -1.85321400    0.57218700
C                  6.62479800   -1.59303000   -0.48789800
H                  6.83130300   -2.19102000   -1.37288500
H                  7.03841600   -2.10069400    0.38818900
C                  5.74985600    0.66625100    0.95480200
H                  5.46389100    0.11363900    1.84943800
H                  5.51210500    1.72115000    1.08972700
C                  7.22999200    0.44326900    0.50859400
H                  7.79164100   -0.04914300    1.30756700
H                  7.71211400    1.38807500    0.26494800