C                  0.68901100    1.89261900    0.22780500
H                  1.36966400    2.70832400    0.04671600
C                 -0.66825700    1.88384600    0.25454500
H                 -1.36646100    2.69062600    0.10161700
C                  0.03363900   -0.15852800    0.73836400
H                  0.04580300   -1.19914500    1.02265500
C                 -2.45912400    0.15413900    0.82854300
H                 -2.88856200    0.86538100    1.53870900
H                 -2.40465200   -0.81498300    1.32257200
H                 -2.98813300   -0.75503400   -1.09316400
C                  2.52439600    0.18445200    0.72525500
H                  2.50242600   -0.80543300    1.17996100
H                  2.96501400    0.87492700    1.44603600
H                  2.88104400   -0.56815700   -1.28798300
N                 -1.06558400    0.59213100    0.57323500
N                  1.11538400    0.60607300    0.52990700
C                 -3.28984100    0.08898800   -0.47148400
H                 -3.15940000    1.00342900   -1.05263800
C                  3.29683000    0.17858700   -0.60860500
H                  3.23318600    1.15369400   -1.09535200
O                  7.15941300   -0.58542500   -0.85998700
O                 -7.20678600    0.00249500    0.31114100
N                 -4.76651100   -0.04516600   -0.21535400
N                  4.76527500   -0.12948200   -0.47051200
H                  5.15552700   -0.10968500   -1.42374300
H                 -5.09173200    0.74509300    0.35523800
C                 -6.74191500   -1.29865100    0.62903400
H                 -7.07708000   -1.52903200    1.63827500
H                 -7.15653700   -2.04473600   -0.05610300
C                 -5.18478500   -1.28828300    0.56476200
H                 -4.74726400   -1.20913700    1.56001200
H                 -4.77194400   -2.15497500    0.04612400
C                 -7.06979600    0.27199900   -1.07790700
H                 -7.73242300   -0.36150200   -1.67513300
H                 -7.35937200    1.31266500   -1.21506400
C                 -5.58978400    0.03744500   -1.50127700
H                 -5.43348900   -0.90389900   -2.02889600
H                 -5.19865400    0.85572500   -2.10523600
C                  5.10696400   -1.53092000    0.01631700
H                  4.55744900   -2.23182700   -0.61304500
H                  4.77462500   -1.62314200    1.05038700
C                  6.65621500   -1.69433800   -0.13173000
H                  6.89247500   -2.58801900   -0.70534700
H                  7.13333400   -1.76769800    0.85000800
C                  5.60335600    0.89447700    0.28277000
H                  5.40796300    0.76352800    1.34701600
H                  5.28389300    1.88916000   -0.02874200
C                  7.09524200    0.61122700   -0.09770800
H                  7.70729800    0.53917700    0.80576800
H                  7.49213400    1.40086700   -0.73290900