C                 -0.67958300   -1.93012400    0.29397200
H                 -1.36785400   -2.75475100    0.31699200
C                  0.68078700   -1.92941500    0.29218200
H                  1.36994100   -2.75336700    0.31362000
C                 -0.00046900    0.20381200    0.34825300
H                 -0.00103100    1.27939800    0.36006800
C                  2.42707300   -0.08716600    0.33382700
H                  3.46246100   -0.81948900   -0.09410100
H                  2.50608000    0.91775100    0.72165500
H                  2.42707300   -0.08716600    0.33382700
C                 -2.42769200   -0.08975900    0.34053900
H                 -2.50593000    0.91754100    0.72228300
H                 -3.46379300   -0.82408700   -0.08216100
H                 -2.42769200   -0.08975900    0.34053900
N                  1.09554700   -0.58733500    0.32326600
N                 -1.09568900   -0.58850900    0.32640200
C                  3.46246100   -0.81948900   -0.09410100
H                  3.34266900   -1.82740200   -0.46673700
C                 -3.46379300   -0.82408700   -0.08216100
H                 -3.34453600   -1.83363800   -0.45047400
N                 -4.81259500   -0.37626800   -0.10295900
C                 -5.16117700    0.96035800   -0.04044900
C                 -5.82033500   -1.32008100   -0.19790500
C                 -6.46538600    1.36194600   -0.03843600
H                 -4.35627100    1.67831900   -0.02176800
C                 -7.13928000   -0.96963300   -0.20373300
H                 -5.50479900   -2.35174200   -0.25965200
H                 -6.66697300    2.42160000    0.00002500
H                 -7.87201100   -1.75839900   -0.28061600
N                  4.81177500   -0.37298900   -0.11156300
C                  5.81848500   -1.31756700   -0.20967200
C                  5.16193100    0.96288000   -0.04197200
C                  7.13787800   -0.96879300   -0.21154500
H                  5.50176600   -2.34851600   -0.27694700
C                  6.46665200    1.36278600   -0.03581000
H                  4.35793200    1.68178500   -0.02104300
H                  7.86972600   -1.75811600   -0.29106600
H                  6.66952800    2.42197500    0.00831300
C                 -7.53323000    0.40566600   -0.10859400
C                  7.53341000    0.40548600   -0.10866900
N                 -8.82472700    0.77923600   -0.09931300
N                  8.82538000    0.77726400   -0.09476000
C                  9.19905800    2.20472000    0.00286700
H                 10.28349800    2.28209400    0.02518000
H                  8.82814500    2.76492200   -0.86102200
H                  8.80097300    2.64871500    0.92009900
C                  9.90072700   -0.23319300   -0.18924900
H                  9.84293500   -0.94089700    0.64316400
H                  9.83865800   -0.78087100   -1.13469800
H                 10.86227000    0.27282600   -0.14551700
C                 -9.90123900   -0.23022900   -0.19118800
H                -10.86218300    0.27735600   -0.15274900
H                 -9.83744600   -0.78307200   -1.13350600
H                 -9.84664600   -0.93352000    0.64518000
C                 -9.19665000    2.20767900   -0.00964300
H                 -8.79973900    2.65578300    0.90609600
H                 -8.82329000    2.76299400   -0.87564200
H                -10.28102200    2.28666100    0.01017000