C                 -0.67878500   -2.73090100    0.27511200
H                 -1.38118500   -3.51277800    0.04593900
C                  0.67881900   -2.73085000    0.27504900
H                  1.38123200   -3.51270500    0.04583200
C                 -0.00002500   -0.72183600    0.89962200
H                 -0.00005800    0.30361000    1.22748500
C                  2.47437300   -1.00439200    0.79266100
H                  3.06820200   -1.83569300    1.16965300
H                  2.49796500   -0.20660800    1.53376300
H                  2.41863700    0.32620400   -0.92950200
C                 -2.47443000   -1.00456000    0.79271500
H                 -2.49814500   -0.20690200    1.53394700
H                 -3.06823200   -1.83597500    1.16948900
H                 -2.41861200    0.32625400   -0.92930200
N                  1.08498500   -1.46650700    0.66943000
N                 -1.08500500   -1.46657800    0.66953000
C                  3.00842000   -0.51418900   -0.56618000
H                  2.95923800   -1.30870200   -1.30958700
C                 -3.00840700   -0.51417800   -0.56609000
H                 -2.95921600   -1.30860700   -1.30958800
N                 -4.41066100   -0.08068400   -0.45230100
C                 -4.71304600    1.20339900   -0.11093400
C                 -5.42544600   -0.96619200   -0.65932000
C                 -5.99987600    1.62639600    0.03907600
H                 -3.87597800    1.87315100    0.02776400
C                 -6.73408300   -0.60927100   -0.52691600
H                 -5.13566800   -1.96829300   -0.94270000
H                 -6.16409100    2.65920600    0.30285600
H                 -7.48332300   -1.36163800   -0.71650100
N                  4.41066800   -0.08069700   -0.45239700
C                  5.42545000   -0.96625500   -0.65923000
C                  4.71307100    1.20343300   -0.11124300
C                  6.73408600   -0.60935000   -0.52679000
H                  5.13567800   -1.96838100   -0.94252300
C                  5.99990400    1.62642100    0.03879000
H                  3.87602300    1.87324700    0.02728000
H                  7.48330900   -1.36174300   -0.71633700
H                  6.16411200    2.65926500    0.30244500
C                 -7.08917100    0.72309200   -0.15480000
C                  7.08919100    0.72304800   -0.15480200
N                 -8.36275800    1.10394700   -0.00279900
N                  8.36275800    1.10391100   -0.00267400
C                  8.68836900    2.48627300    0.36857500
H                  9.76656000    2.57946500    0.45651600
H                  8.34161100    3.18933600   -0.39280600
H                  8.23974000    2.74811900    1.32973200
C                  9.45853100    0.15141800   -0.21941100
H                  9.36243200   -0.71102400    0.44405800
H                  9.47991700   -0.19340400   -1.25636800
H                 10.39995000    0.64692000   -0.00176600
C                 -9.45847800    0.15154500   -0.22019100
H                -10.40006200    0.64747500   -0.00425900
H                 -9.47855800   -0.19407500   -1.25689900
H                 -9.36346800   -0.71042100    0.44407800
C                 -8.68843000    2.48608100    0.36924800
H                 -8.23937900    2.74755500    1.33030500
H                 -8.34217600    3.18957400   -0.39197300
H                 -9.76659300    2.57902600    0.45779500