C                  0.55023800    2.60993600   -0.31741300
H                  1.13701100    3.47161200   -0.58941600
C                 -0.79328200    2.42948500   -0.29332400
H                 -1.59029000    3.12017600   -0.50795000
C                  0.15740800    0.54070600    0.37800300
H                  0.29987600   -0.45687500    0.75920600
C                 -2.29948400    0.50761800    0.35475300
H                 -2.31379900   -0.18954200    1.18018400
H                 -3.25165700    1.45070800   -1.27395600
C                  2.54646200    1.23201500    0.26444900
H                  3.02651100    2.02762300    0.81701300
H                  2.65100900   -0.52406300   -0.89970300
N                 -1.02910500    1.12607800    0.13568900
N                  1.13464300    1.41995700    0.10169500
C                 -3.35587100    0.80404300   -0.41106400
C                  3.17952800    0.18297800   -0.27095300
N                  4.54661000   -0.10863800   -0.12216200
C                  5.14848100   -0.96769100   -1.02448800
C                  5.33594700    0.44953800    0.86551400
C                  6.47278000   -1.24732400   -0.98759900
H                  4.50148600   -1.39322800   -1.77937200
C                  6.66717500    0.21274000    0.94452600
H                  4.83212900    1.05843400    1.60148800
H                  6.86435200   -1.91647500   -1.73862600
H                  7.20603300    0.65835700    1.76699400
N                 -4.66899700    0.34058600   -0.22043500
C                 -5.11915800   -0.19474000    0.97084600
C                 -5.56424700    0.42362300   -1.27223500
C                 -6.38097400   -0.66442400    1.11990400
H                 -4.42707900   -0.18196900    1.79964100
C                 -6.83938500   -0.02182900   -1.17714600
H                 -5.18267300    0.85462200   -2.18777000
H                 -6.66497400   -1.03183800    2.09438200
H                 -7.46787700    0.06934600   -2.05007800
C                  7.33115000   -0.64676300   -0.00172500
C                 -7.32925300   -0.61708600    0.03708700
N                  8.63435300   -0.88230400    0.04114300
N                 -8.56939300   -1.06977900    0.15357200
C                 -9.56086200   -0.89078700   -0.92700400
H                -10.55217000   -1.06168800   -0.51579700
H                 -9.52828900    0.12631800   -1.31671000
H                 -9.38661600   -1.60780900   -1.73353300
C                 -9.04391200   -1.76019100    1.36879200
H                 -8.26180000   -2.38931200    1.78967100
H                 -9.38596700   -1.03678900    2.11389800
H                 -9.87739700   -2.40270500    1.09459100
C                  9.52661500   -0.19092300    0.99271300
H                 10.53345100   -0.19293900    0.58179200
H                  9.22307200    0.84559700    1.12731800
H                  9.53769100   -0.70794700    1.95605100
C                  9.27184300   -1.86353000   -0.86069000
H                  8.68862900   -2.78288400   -0.90588400
H                  9.39154500   -1.44494400   -1.86339800
H                 10.25382700   -2.10745400   -0.46423800