C                    -0.54439   1.54238  -0.79154 
H                    -1.22541   2.37745  -0.68275 
C                     0.81396   1.49272  -0.82936 
H                     1.55947   2.27693  -0.77599 
C                     0.05067  -0.58381  -1.01136 
H                    -0.01819  -1.66319  -1.09261 
C                     2.52886  -0.37697  -1.0358 
H                     3.12696   0.31129  -1.63216 
H                     2.48851  -1.33355  -1.55554 
H                     2.49883  -1.20074   0.97442 
C                    -2.40096  -0.20353  -0.90633 
H                    -2.45906  -1.11595  -1.49835 
H                    -3.00397   0.57895  -1.36899 
H                    -2.20877  -1.16897   1.03113 
N                     1.1638    0.15596  -0.9696 
N                    -0.99917   0.23632  -0.90972 
C                     3.12308  -0.53957   0.37463 
H                     3.19884   0.42695   0.8768 
C                    -2.87878  -0.47008   0.53088 
H                    -2.91834   0.4552    1.10346 
N                    -4.23189  -1.05756   0.52805 
C                    -4.38792  -2.39064   0.2988 
C                    -5.3266   -0.27556   0.73306 
C                    -5.62195  -2.9731    0.27651 
H                    -3.47722  -2.95704   0.12913 
C                    -6.5876   -0.80219   0.724 
H                    -5.13567   0.78157   0.89653 
H                    -5.67502  -4.0351    0.09385 
H                    -7.41395  -0.13041   0.89726 
N                     4.47303  -1.13146   0.30285 
C                     5.56634  -0.33322   0.15093 
C                     4.63675  -2.48092   0.36278 
C                     6.82416  -0.85778   0.05792 
H                     5.39244   0.7388    0.10703 
C                     5.8661   -3.06607   0.27729 
H                     3.73724  -3.0673    0.48894 
H                     7.64668  -0.16884  -0.05544 
H                     5.91911  -4.14171   0.33973 
C                    -6.7967   -2.19303   0.49272 
C                     7.03686  -2.26623   0.11579 
N                    -8.02397  -2.7375    0.47995 
N                     8.26113  -2.8075    0.02792 
C                     8.4402   -4.261     0.09968 
H                     9.49863  -4.48817   0.01127 
H                     8.08221  -4.65523   1.05424 
H                     7.91088  -4.76306  -0.71426 
C                     9.44247  -1.95359  -0.13236 
H                     9.37269  -1.35395  -1.04331 
H                     9.56518  -1.28618   0.72475 
H                     10.32322  -2.58497  -0.20495 
C                    -9.20874  -1.90519   0.70873 
H                    -10.09236  -2.53576   0.67148 
H                    -9.16899  -1.42593   1.69029 
H                    -9.30247  -1.13346  -0.06003 
C                    -8.2002   -4.17188   0.23349 
H                    -7.80176  -4.45504  -0.74414 
H                    -7.70607  -4.76808   1.00522 
H                    -9.26159  -4.40212   0.24975 